1 18
2 500
3 6
4 1
5 21
6 40
7 19
8 177
9 163
10 19
11 183
12 1886
13 194
14 225
15 258
16 0
17 1
18 378
19 2
20 0
21 431
22 287
23 4
24 927
25 9
26 19
27 1269
28 35
29 40639
30 1754
31 13
32 407
33 46
34 818
35 66
36 211
37 603
38 25
39 3
40 377
41 227
42 2
43 0
44 149
45 282
46 69
47 434
48 487
49 428
50 2
51 489
52 86
53 70
54 2
55 475
56 435
57 35
58 1
59 375
60 467
61 365
62 4
63 0
64 308
65 0
66 1604
67 20
68 4
69 144
70 12
71 266
72 1
73 20977
74 488
75 981
76 0
77 4
78 0
79 1
80 588
81 184
82 6
83 0
84 380
85 4
86 12
87 2329
88 18474
89 2169
90 442
91 482
92 87
93 7839
94 299
95 0
96 122
97 375
98 1503
99 0
100 327
101 43
102 175
103 8
104 594482
105 2
106 24
107 1797
108 1
109 459
110 405
111 389
112 8
113 1
114 442
115 128
116 221
117 77
118 67
119 35
120 445
121 474
122 22
123 1
124 0
125 112
126 481
127 407
128 1380
129 1380
130 4
131 10
132 124
133 302
134 81
135 370
136 489
137 100
138 64
139 486
140 380
141 154
142 4006
143 343
144 18
145 463
146 114
147 490
148 17
149 468
150 99
151 972
152 342
153 17
154 143
155 461
156 32
157 229
158 122
159 385
160 25
161 156
162 1676
163 173030
164 2634
165 107
166 15
167 421
168 354
169 120
170 0
171 23
172 60
173 33
174 138
175 0
176 259
177 22
178 133
179 457
180 4
181 306
182 383
183 23
184 82
185 0
186 298
187 145
188 1
189 0
190 412
191 23
192 14
193 408
194 389
195 4
196 62
197 73
198 5737
199 5737
200 115
201 9
202 14
203 266
204 65
205 309
206 162
207 58
208 5
209 143
210 243
211 169
212 32
213 79
214 411
215 38
216 347
217 1962
218 202
219 893
220 15423
221 43
222 11
223 151
224 2
225 4631
226 334
227 360
228 7
229 2
230 436
231 251
232 188
233 178
234 394
235 830
236 15
237 48
238 355
239 55
240 20
241 138
242 6
243 0
244 246
245 276
246 38
247 62
248 1
249 1038
250 349
251 9093
252 435
253 489
254 273
255 468
256 1
257 2
258 33
259 272
260 12
261 471
262 436
263 95
264 5
265 2931
266 28
267 276
268 5
269 112
270 21
271 989
272 2
273 266
274 1
275 532
276 28
277 456
278 383
279 171
280 1
281 486
282 170
283 7
284 484
285 39
286 280
287 147
288 490
289 30
290 3
291 3
292 220
293 43
294 150
295 16492
296 976
297 11
298 0
299 448
300 16
301 0
302 92
303 1709
304 2
305 388
306 370
307 35
308 15039
309 79
310 494
311 34
312 302
313 0
314 353
315 6834
316 24
317 133
318 449
319 480
320 223
321 8
322 267
323 192
324 169
325 360
326 145
327 356
328 95
329 3
330 232
331 3
332 2
333 169
334 0
335 438
336 67
337 1
338 274
339 125
340 60890
341 0
342 150
343 0
344 293
345 742
346 0
347 0
348 309
349 0
350 355
351 147
352 610
353 120
354 346
355 195
356 724
357 123
358 497
359 0
360 13054
361 492
362 51
363 421
364 485
365 10930
366 8
367 232
368 3
369 6
370 1
371 473
372 28
373 8
374 27
375 158
376 204
377 178
378 506
379 398
380 296
381 8874
382 17
383 5
384 0
385 80
386 933
387 71
388 674
389 41
390 230
391 0
392 172
393 151
394 138
395 10522
396 0
397 3
398 4042
399 13
400 0
401 490
402 1555
403 0
404 2459
405 220
406 271404
407 183
408 3
409 249
410 12379
411 16428
412 82
413 9
414 101
415 246
416 270
417 1688
418 5922
419 7316
420 65
421 9125
422 13318
423 14241
424 291
425 33
426 18207
427 2158
428 241
429 2367
430 197
431 7
432 122
433 0
434 2
435 2995
436 294
437 325
438 404
439 704
440 358
441 454
442 349
443 490
444 382
445 767
446 92
447 329
448 47
449 133
450 22
451 416
452 379
453 411
454 834
455 1
456 106
457 91
458 26
459 2
460 69728
461 7979
462 274
463 271
464 190
465 225
466 74
467 44
468 2
469 116
470 458
471 1886
472 202
473 104
474 0
475 234
476 42
477 64
478 68
479 593
480 418
481 97
482 524
483 1
484 129
485 19
486 5856
487 198
488 304
489 330
490 99
491 52
492 267
493 393
494 3
495 95
496 49
497 362
498 4
499 293
500 181
501 0
502 55
503 3350
504 983
505 560
506 771
507 486
508 765
509 59
510 188
